place(4.914, 1.037, -30.741, "Scout", 150)
upgrade(4.914, 2.387, -30.741, 50)
place(7.951, 1.037, -30.224, "Scout", 150)
upgrade(7.951, 2.387, -30.224, 50)
place(4.899, 1.037, -34.982, "Scout", 150)
upgrade(4.899, 2.387, -34.982, 50)
place(-1.155, 1.037, -35.528, "Scout", 150)
upgrade(-1.155, 2.387, -35.528, 50)
place(-1.215, 1.037, -31.834, "Scout", 150)
upgrade(-1.215, 2.387, -31.834, 50)
place(-1.391, 1.037, -28.747, "Scout", 150)
upgrade(-1.391, 2.387, -28.747, 50)
upgrade(4.899, 2.387, -34.982, 200)
upgrade(-1.155, 2.387, -35.528, 200)
upgrade(-1.215, 2.387, -31.834, 200)
upgrade(4.914, 2.387, -30.741, 200)
upgrade(7.951, 2.387, -30.224, 200)
upgrade(-1.391, 2.387, -28.747, 200)
place(1.829, 1.037, -25.731, "Tesla", 3810)
upgrade(1.829, 2.385, -25.731, 1985)
upgrade(1.829, 2.385, -25.731, 8450)
place(7.130, 1.000, -38.903, "Tesla", 2943)
upgrade(7.130, 2.348, -38.903, 2343)
